0 0.955417 0.796875 0.075833 0.073750
0 0.821581 0.797596 0.043162 0.041987
0 0.766026 0.764263 0.019658 0.025962
0 0.708333 0.798237 0.011111 0.015705
0 0.623397 0.793109 0.009615 0.012500
0 0.493483 0.790224 0.009188 0.019551
0 0.427350 0.810417 0.011111 0.015705
0 0.383654 0.808814 0.013462 0.017628
0 0.334081 0.811859 0.012179 0.012179
0 0.292521 0.822115 0.011966 0.015385
0 0.263996 0.812500 0.004487 0.012821
0 0.242949 0.814423 0.007265 0.014744
0 0.208333 0.820833 0.011111 0.014744
0 0.253846 0.762500 0.007265 0.007692
0 0.295192 0.701763 0.005342 0.008013
0 0.307158 0.695192 0.005769 0.007692
0 0.316560 0.686538 0.005769 0.006410
0 0.329701 0.682372 0.005128 0.006410
0 0.356090 0.666667 0.004487 0.007051
0 0.384509 0.666026 0.004487 0.005769
0 0.399786 0.663622 0.004274 0.004808
0 0.407585 0.664423 0.003632 0.004487
0 0.416880 0.662019 0.004701 0.004167
0 0.429487 0.652564 0.004274 0.004487