0 0.309735 0.764423 0.016046 0.019231
0 0.333229 0.691964 0.011920 0.014286
0 0.500104 0.751786 0.016687 0.019643
0 0.444519 0.774679 0.020325 0.023077
0 0.472117 0.740224 0.012623 0.017628
0 0.593102 0.731571 0.016687 0.018269
0 0.400554 0.836699 0.019255 0.014423
0 0.515441 0.696635 0.011553 0.015064
0 0.380657 0.666186 0.011125 0.011859
0 0.365895 0.656891 0.009841 0.011859
0 0.353914 0.648558 0.008986 0.011218
0 0.821239 0.831419 0.022776 0.032432
0 0.856815 0.752841 0.016940 0.020076
0 0.965040 0.904968 0.019469 0.035577
0 0.678679 0.750641 0.007702 0.019231
0 0.779873 0.799840 0.020538 0.025962