0 0.407122 0.781250 0.033691 0.041667
0 0.502625 0.648333 0.021464 0.022500
0 0.533871 0.617917 0.017117 0.021667
0 0.662793 0.640000 0.015215 0.021667
0 0.797965 0.648958 0.017661 0.025417
0 0.610355 0.608125 0.011955 0.014583
0 0.077676 0.694960 0.024716 0.024597
0 0.364278 0.641129 0.023138 0.028226
0 0.283030 0.659073 0.017354 0.025403
0 0.166766 0.643910 0.019019 0.021795
0 0.121935 0.598077 0.014630 0.015385
0 0.325488 0.634704 0.020592 0.019408
0 0.210985 0.590726 0.011569 0.012097
0 0.245693 0.590524 0.012095 0.016532
0 0.188767 0.599395 0.009729 0.014113
0 0.380790 0.567500 0.009455 0.014000