0 0.993590 0.509482 0.010684 0.025189
0 0.947039 0.555281 0.021368 0.016030
0 0.890949 0.568448 0.023657 0.030914
0 0.821123 0.540969 0.024420 0.026334
0 0.771902 0.520359 0.019078 0.024044
0 0.738706 0.488300 0.010684 0.014885
0 0.724206 0.502612 0.013736 0.013740
0 0.683761 0.498032 0.021368 0.018320
0 0.652473 0.507192 0.024420 0.027479
0 0.607448 0.521504 0.016789 0.026334
0 0.552121 0.505474 0.022131 0.024044
0 0.504808 0.535816 0.012973 0.020610
0 0.474283 0.500322 0.011447 0.018320
0 0.525031 0.496887 0.007631 0.013740
0 0.407509 0.518642 0.027473 0.025189
0 0.367063 0.503757 0.009158 0.018320
0 0.327763 0.493452 0.017552 0.016030
0 0.278541 0.503184 0.016789 0.017175
0 0.204518 0.487155 0.013736 0.010305
0 0.299908 0.495742 0.010684 0.009160